Number,revenueY0,revenueY1,turnoverY0,turnoverY1,costofsalesY0,costofsalesY1,grossprofitY0,grossprofitY1,distributionexpensesY0,distributionexpensesY1,profitbeforetaxY0,profitbeforetaxY1
00001160,44033,45188,,,,,34554,36217,,,286369,22.618
00119432,,,,,,,,,,,,
00171167,,,43823,59447,(27250),(34414),16573,25033,,,4785,
00190237,,,5903,52805494,,,,,,,,
00249316,,,49304,49526,,,13917,12206,,,,
00260752,,,39966,44373,,,4535,4741,,,,
00308273,,,945,70732670,,,880427,22469040,,,,324
00418878,,,,15544,(56342),(109654),30123,105890,,,,
00450787,,,58241,53827,,,14033,12217,,,5927,3558
02626708,,,40289274,34780594,,,6165833,,,,3020490,2205832
00001160,44033,45188,,,,,34554,36217,,,286369,22.618
00119432,,,,,,,,,,,,
00171167,,,43823,59447,(27250),(34414),16573,25033,,,4785,
00190237,,,5903,52805494,,,,,,,,
00249316,,,49304,49526,,,13917,12206,,,,
00260752,,,39966,44373,,,4535,4741,,,,
00308273,,,945,70732670,,,880427,22469040,,,,324
00418878,,,,15544,(56342),(109654),30123,105890,,,,
00450787,,,58241,53827,,,14033,12217,,,5927,3558
02626708,,,40289274,34780594,,,6165833,,,,3020490,2205832
